0,0000 0,0410 0,6937 -0,6983 -0,1717 -0,9821 -0,0049 -0,1804 -0,0537 
0,0071 0,0410 0,6937 -0,6983 -0,1717 -0,9821 -0,0051 -0,1805 -0,0539 
0,0140 0,0408 0,6936 -0,6984 -0,1718 -0,9820 -0,0051 -0,1809 -0,0542 
0,0212 0,0405 0,6935 -0,6985 -0,1718 -0,9820 -0,0051 -0,1811 -0,0541 
0,0424 0,0403 0,6935 -0,6985 -0,1718 -0,9819 -0,0051 -0,1813 -0,0541 
0,0495 0,0402 0,6935 -0,6985 -0,1718 -0,9819 -0,0051 -0,1814 -0,0541 
0,0915 0,0398 0,6933 -0,6987 -0,1721 -0,9817 -0,0053 -0,1823 -0,0542 
0,0986 0,0397 0,6932 -0,6988 -0,1723 -0,9817 -0,0052 -0,1825 -0,0541 
0,1053 0,0396 0,6932 -0,6988 -0,1723 -0,9817 -0,0052 -0,1826 -0,0542 
0,1124 0,0395 0,6933 -0,6986 -0,1723 -0,9817 -0,0052 -0,1826 -0,0543 
0,1336 0,0395 0,6933 -0,6986 -0,1724 -0,9817 -0,0052 -0,1826 -0,0544 
0,1407 0,0395 0,6933 -0,6986 -0,1725 -0,9815 -0,0052 -0,1832 -0,0550 
0,1476 0,0395 0,6933 -0,6986 -0,1725 -0,9815 -0,0052 -0,1832 -0,0550 
0,1548 0,0395 0,6933 -0,6986 -0,1725 -0,9815 -0,0052 -0,1832 -0,0550 
0,1619 0,0393 0,6934 -0,6985 -0,1725 -0,9815 -0,0051 -0,1833 -0,0551 
0,1831 0,0393 0,6934 -0,6985 -0,1725 -0,9815 -0,0051 -0,1833 -0,0551 
0,2673 0,0389 0,6931 -0,6988 -0,1722 -0,9815 -0,0052 -0,1834 -0,0544 
0,2744 0,0388 0,6930 -0,6989 -0,1722 -0,9815 -0,0052 -0,1835 -0,0543 
0,2814 0,0388 0,6930 -0,6989 -0,1722 -0,9815 -0,0053 -0,1835 -0,0543 
0,2884 0,0388 0,6930 -0,6989 -0,1722 -0,9815 -0,0053 -0,1835 -0,0543 
0,3167 0,0388 0,6931 -0,6989 -0,1722 -0,9815 -0,0052 -0,1836 -0,0544 
0,3238 0,0386 0,6931 -0,6989 -0,1722 -0,9815 -0,0052 -0,1837 -0,0544 
0,3304 0,0385 0,6932 -0,6988 -0,1723 -0,9814 -0,0052 -0,1838 -0,0545 
0,3375 0,0386 0,6931 -0,6988 -0,1725 -0,9814 -0,0054 -0,1839 -0,0545 
0,3588 0,0386 0,6931 -0,6988 -0,1726 -0,9814 -0,0053 -0,1842 -0,0548 
0,3659 0,0388 0,6931 -0,6988 -0,1728 -0,9813 -0,0054 -0,1843 -0,0553 
0,3727 0,0388 0,6931 -0,6988 -0,1728 -0,9813 -0,0052 -0,1844 -0,0553 
0,3798 0,0388 0,6931 -0,6988 -0,1728 -0,9813 -0,0052 -0,1844 -0,0553 
0,3869 0,0388 0,6930 -0,6989 -0,1728 -0,9813 -0,0053 -0,1844 -0,0552 
0,4081 0,0389 0,6929 -0,6989 -0,1728 -0,9813 -0,0053 -0,1844 -0,0551 
0,4151 0,0389 0,6928 -0,6990 -0,1729 -0,9813 -0,0054 -0,1845 -0,0550 
0,4222 0,0388 0,6928 -0,6990 -0,1730 -0,9813 -0,0052 -0,1846 -0,0550 
0,4504 0,0388 0,6928 -0,6990 -0,1730 -0,9813 -0,0053 -0,1846 -0,0550 
0,4576 0,0387 0,6930 -0,6988 -0,1728 -0,9813 -0,0050 -0,1845 -0,0552 
0,4643 0,0387 0,6932 -0,6987 -0,1725 -0,9813 -0,0051 -0,1843 -0,0554 
0,4714 0,0387 0,6932 -0,6987 -0,1725 -0,9813 -0,0052 -0,1842 -0,0553 
0,4926 0,0388 0,6932 -0,6988 -0,1724 -0,9813 -0,0052 -0,1842 -0,0553 
0,4998 0,0388 0,6932 -0,6988 -0,1724 -0,9813 -0,0052 -0,1841 -0,0553 
0,5067 0,0388 0,6932 -0,6988 -0,1723 -0,9813 -0,0052 -0,1840 -0,0553 
0,5137 0,0389 0,6932 -0,6988 -0,1723 -0,9814 -0,0052 -0,1840 -0,0553 
0,5208 0,0389 0,6932 -0,6988 -0,1722 -0,9814 -0,0052 -0,1839 -0,0553 
0,5421 0,0392 0,6934 -0,6987 -0,1718 -0,9815 -0,0052 -0,1834 -0,0555 
0,5493 0,0393 0,6935 -0,6986 -0,1716 -0,9815 -0,0051 -0,1832 -0,0556 
0,5563 0,0395 0,6936 -0,6985 -0,1715 -0,9815 -0,0051 -0,1830 -0,0557 
0,5634 0,0396 0,6938 -0,6984 -0,1713 -0,9816 -0,0051 -0,1827 -0,0558 
0,5847 0,0398 0,6939 -0,6983 -0,1711 -0,9816 -0,0048 -0,1824 -0,0558 
0,5918 0,0404 0,6944 -0,6980 -0,1704 -0,9818 -0,0051 -0,1813 -0,0561 
0,5986 0,0405 0,6945 -0,6979 -0,1703 -0,9818 -0,0051 -0,1811 -0,0562 
0,6058 0,0406 0,6946 -0,6978 -0,1701 -0,9819 -0,0051 -0,1809 -0,0563 
0,6129 0,0408 0,6947 -0,6977 -0,1700 -0,9819 -0,0050 -0,1808 -0,0563 
0,6272 0,0415 0,6953 -0,6972 -0,1694 -0,9821 -0,0050 -0,1797 -0,0569 
0,6342 0,0417 0,6954 -0,6971 -0,1693 -0,9821 -0,0050 -0,1795 -0,0570 
0,6411 0,0418 0,6956 -0,6970 -0,1692 -0,9821 -0,0050 -0,1793 -0,0571 
0,6480 0,0420 0,6957 -0,6969 -0,1691 -0,9821 -0,0050 -0,1791 -0,0572 
0,6763 0,0431 0,6964 -0,6963 -0,1684 -0,9823 -0,0049 -0,1779 -0,0580 
0,6835 0,0434 0,6966 -0,6961 -0,1682 -0,9824 -0,0049 -0,1774 -0,0582 
0,6901 0,0437 0,6968 -0,6959 -0,1680 -0,9825 -0,0049 -0,1770 -0,0585 
0,6972 0,0442 0,6971 -0,6957 -0,1676 -0,9826 -0,0049 -0,1764 -0,0588 
0,7184 0,0446 0,6974 -0,6954 -0,1673 -0,9826 -0,0048 -0,1758 -0,0591 
0,7255 0,0460 0,6983 -0,6946 -0,1664 -0,9829 -0,0047 -0,1742 -0,0599 
0,7323 0,0465 0,6986 -0,6944 -0,1661 -0,9830 -0,0047 -0,1736 -0,0602 
0,7394 0,0470 0,6989 -0,6941 -0,1659 -0,9831 -0,0047 -0,1730 -0,0605 
0,7465 0,0475 0,6992 -0,6938 -0,1656 -0,9831 -0,0046 -0,1724 -0,0608 
0,7678 0,0503 0,7007 -0,6924 -0,1644 -0,9836 -0,0046 -0,1693 -0,0626 
0,7750 0,0508 0,7009 -0,6921 -0,1644 -0,9836 -0,0046 -0,1689 -0,0628 
0,7820 0,0512 0,7011 -0,6919 -0,1645 -0,9837 -0,0046 -0,1686 -0,0631 
0,7891 0,0517 0,7013 -0,6917 -0,1645 -0,9837 -0,0046 -0,1682 -0,0633 
0,8103 0,0532 0,7015 -0,6912 -0,1653 -0,9838 -0,0045 -0,1676 -0,0639 
0,8174 0,0531 0,7014 -0,6912 -0,1658 -0,9837 -0,0045 -0,1680 -0,0639 
0,8242 0,0528 0,7011 -0,6913 -0,1665 -0,9836 -0,0045 -0,1686 -0,0637 
0,8314 0,0517 0,7005 -0,6917 -0,1676 -0,9833 -0,0044 -0,1703 -0,0633 
0,8528 0,0507 0,6999 -0,6921 -0,1687 -0,9831 -0,0045 -0,1719 -0,0628 
0,8600 0,0442 0,6964 -0,6945 -0,1751 -0,9815 -0,0050 -0,1815 -0,0602 
0,8670 0,0424 0,6955 -0,6952 -0,1767 -0,9811 -0,0051 -0,1840 -0,0595 
0,8742 0,0402 0,6944 -0,6959 -0,1785 -0,9806 -0,0052 -0,1869 -0,0586 
0,8814 0,0382 0,6934 -0,6966 -0,1802 -0,9801 -0,0054 -0,1897 -0,0577 
0,9028 0,0252 0,6868 -0,7009 -0,1909 -0,9769 -0,0062 -0,2072 -0,0526 
0,9100 0,0221 0,6853 -0,7018 -0,1935 -0,9760 -0,0065 -0,2114 -0,0514 
0,9170 0,0189 0,6836 -0,7027 -0,1963 -0,9751 -0,0067 -0,2159 -0,0502 
0,9241 0,0158 0,6820 -0,7036 -0,1990 -0,9742 -0,0069 -0,2200 -0,0490 
0,9454 0,0007 0,6739 -0,7078 -0,2121 -0,9696 -0,0077 -0,2407 -0,0434 
0,9527 -0,0029 0,6718 -0,7088 -0,2152 -0,9684 -0,0079 -0,2457 -0,0419 
0,9595 -0,0066 0,6696 -0,7098 -0,2185 -0,9672 -0,0080 -0,2508 -0,0404 
0,9667 -0,0108 0,6670 -0,7110 -0,2222 -0,9657 -0,0082 -0,2566 -0,0386 
0,9882 -0,0148 0,6646 -0,7121 -0,2258 -0,9643 -0,0083 -0,2622 -0,0371 
0,9953 -0,0356 0,6515 -0,7175 -0,2440 -0,9563 -0,0085 -0,2909 -0,0283 
1,0021 -0,0390 0,6493 -0,7182 -0,2470 -0,9549 -0,0085 -0,2956 -0,0270 
1,0092 -0,0424 0,6471 -0,7190 -0,2500 -0,9535 -0,0085 -0,3002 -0,0256 
1,0164 -0,0456 0,6451 -0,7196 -0,2528 -0,9521 -0,0085 -0,3047 -0,0243 
1,0377 -0,0631 0,6336 -0,7230 -0,2682 -0,9442 -0,0082 -0,3288 -0,0177 
1,0449 -0,0662 0,6315 -0,7235 -0,2709 -0,9427 -0,0081 -0,3331 -0,0165 
1,0519 -0,0693 0,6294 -0,7240 -0,2737 -0,9412 -0,0080 -0,3374 -0,0153 
1,0591 -0,0722 0,6274 -0,7245 -0,2763 -0,9397 -0,0078 -0,3415 -0,0144 
1,0805 -0,0960 0,6106 -0,7279 -0,2970 -0,9274 -0,0067 -0,3741 -0,0054 
1,0877 -0,0986 0,6086 -0,7282 -0,2992 -0,9259 -0,0065 -0,3776 -0,0044 
1,0944 -0,1012 0,6066 -0,7286 -0,3015 -0,9245 -0,0063 -0,3812 -0,0033 
1,1016 -0,1037 0,6047 -0,7289 -0,3037 -0,9231 -0,0061 -0,3846 -0,0022 
1,1724 -0,1208 0,5916 -0,7309 -0,3181 -0,9131 -0,0047 -0,4077 0,0046 
1,1795 -0,1250 0,5884 -0,7313 -0,3214 -0,9106 -0,0042 -0,4132 0,0062 
1,1866 -0,1292 0,5853 -0,7317 -0,3246 -0,9081 -0,0038 -0,4186 0,0078 
1,1938 -0,1331 0,5822 -0,7320 -0,3277 -0,9057 -0,0033 -0,4238 0,0093 
1,2151 -0,1515 0,5678 -0,7334 -0,3418 -0,8941 -0,0012 -0,4475 0,0163 
1,2222 -0,1552 0,5648 -0,7336 -0,3446 -0,8916 -0,0007 -0,4524 0,0178 
1,2291 -0,1590 0,5618 -0,7338 -0,3474 -0,8892 -0,0002 -0,4572 0,0192 
1,2361 -0,1629 0,5585 -0,7340 -0,3504 -0,8865 0,0003 -0,4623 0,0207 
1,2577 -0,1666 0,5554 -0,7342 -0,3532 -0,8840 0,0011 -0,4669 0,0225 
1,2649 -0,1739 0,5491 -0,7346 -0,3587 -0,8790 0,0022 -0,4762 0,0256 
1,2718 -0,1774 0,5461 -0,7347 -0,3613 -0,8764 0,0029 -0,4807 0,0270 
1,2789 -0,1809 0,5430 -0,7349 -0,3638 -0,8740 0,0035 -0,4852 0,0284 
1,2860 -0,1842 0,5401 -0,7350 -0,3661 -0,8716 0,0042 -0,4893 0,0299 
1,3073 -0,2083 0,5182 -0,7357 -0,3831 -0,8534 0,0092 -0,5196 0,0401 
1,3145 -0,2109 0,5157 -0,7358 -0,3850 -0,8514 0,0098 -0,5229 0,0412 
1,3215 -0,2136 0,5132 -0,7358 -0,3868 -0,8493 0,0104 -0,5262 0,0423 
1,3286 -0,2173 0,5095 -0,7359 -0,3894 -0,8462 0,0110 -0,5309 0,0441 
1,3925 -0,2209 0,5059 -0,7359 -0,3919 -0,8434 0,0120 -0,5353 0,0459 
1,3997 -0,2391 0,4877 -0,7358 -0,4045 -0,8278 0,0168 -0,5582 0,0532 
1,4064 -0,2418 0,4850 -0,7357 -0,4063 -0,8254 0,0175 -0,5616 0,0542 
1,4135 -0,2444 0,4822 -0,7356 -0,4082 -0,8230 0,0182 -0,5650 0,0552 
1,4207 -0,2469 0,4796 -0,7355 -0,4099 -0,8208 0,0189 -0,5682 0,0561 
1,4420 -0,2543 0,4714 -0,7353 -0,4153 -0,8137 0,0209 -0,5779 0,0591 
1,4492 -0,2568 0,4686 -0,7352 -0,4171 -0,8113 0,0216 -0,5812 0,0600 
1,4562 -0,2592 0,4659 -0,7350 -0,4189 -0,8089 0,0223 -0,5844 0,0609 
1,4634 -0,2615 0,4633 -0,7349 -0,4206 -0,8066 0,0230 -0,5874 0,0617 
1,4846 -0,2731 0,4499 -0,7340 -0,4293 -0,7948 0,0269 -0,6027 0,0661 
1,4917 -0,2748 0,4479 -0,7338 -0,4307 -0,7929 0,0274 -0,6050 0,0666 
1,4986 -0,2765 0,4459 -0,7336 -0,4320 -0,7911 0,0279 -0,6073 0,0671 
1,5057 -0,2783 0,4439 -0,7334 -0,4333 -0,7893 0,0285 -0,6096 0,0677 
1,5270 -0,2800 0,4419 -0,7332 -0,4345 -0,7875 0,0290 -0,6119 0,0682 
1,5342 -0,2886 0,4318 -0,7321 -0,4407 -0,7778 0,0316 -0,6237 0,0705 
1,5411 -0,2900 0,4302 -0,7320 -0,4417 -0,7763 0,0320 -0,6255 0,0709 
1,5481 -0,2914 0,4286 -0,7318 -0,4426 -0,7748 0,0324 -0,6273 0,0713 
1,5552 -0,2927 0,4270 -0,7316 -0,4435 -0,7734 0,0329 -0,6290 0,0716 
1,5764 -0,2989 0,4200 -0,7306 -0,4478 -0,7666 0,0347 -0,6369 0,0732 
1,5836 -0,3002 0,4186 -0,7303 -0,4487 -0,7652 0,0351 -0,6386 0,0734 
1,5902 -0,3015 0,4172 -0,7300 -0,4496 -0,7638 0,0354 -0,6402 0,0736 
1,5974 -0,3030 0,4155 -0,7297 -0,4506 -0,7622 0,0358 -0,6421 0,0739 
1,6187 -0,3045 0,4140 -0,7293 -0,4516 -0,7606 0,0362 -0,6440 0,0742 
1,6259 -0,3119 0,4061 -0,7274 -0,4567 -0,7524 0,0381 -0,6533 0,0752 
1,6326 -0,3130 0,4050 -0,7271 -0,4575 -0,7512 0,0383 -0,6547 0,0753 
1,6398 -0,3141 0,4040 -0,7267 -0,4583 -0,7500 0,0386 -0,6560 0,0753 
1,6469 -0,3151 0,4029 -0,7264 -0,4590 -0,7488 0,0390 -0,6573 0,0755 
1,6680 -0,3204 0,3978 -0,7243 -0,4632 -0,7428 0,0400 -0,6640 0,0757 
1,6749 -0,3212 0,3971 -0,7238 -0,4639 -0,7419 0,0400 -0,6651 0,0756 
1,6819 -0,3220 0,3964 -0,7234 -0,4646 -0,7410 0,0400 -0,6661 0,0754 
1,6890 -0,3227 0,3957 -0,7230 -0,4653 -0,7401 0,0401 -0,6671 0,0752 
1,7103 -0,3260 0,3929 -0,7210 -0,4685 -0,7362 0,0400 -0,6715 0,0740 
1,7175 -0,3267 0,3923 -0,7206 -0,4691 -0,7354 0,0400 -0,6724 0,0738 
1,7243 -0,3273 0,3918 -0,7202 -0,4697 -0,7347 0,0400 -0,6732 0,0737 
1,7315 -0,3281 0,3911 -0,7198 -0,4704 -0,7338 0,0400 -0,6742 0,0735 
1,7527 -0,3288 0,3905 -0,7194 -0,4711 -0,7329 0,0400 -0,6752 0,0734 
1,7598 -0,3326 0,3871 -0,7171 -0,4746 -0,7283 0,0401 -0,6802 0,0724 
1,7667 -0,3332 0,3866 -0,7168 -0,4752 -0,7276 0,0401 -0,6810 0,0722 
1,7738 -0,3338 0,3860 -0,7164 -0,4758 -0,7269 0,0401 -0,6818 0,0720 
1,7809 -0,3344 0,3856 -0,7160 -0,4763 -0,7261 0,0403 -0,6826 0,0718 
1,8021 -0,3369 0,3836 -0,7142 -0,4788 -0,7232 0,0401 -0,6858 0,0711 
1,8093 -0,3373 0,3832 -0,7139 -0,4793 -0,7226 0,0401 -0,6864 0,0709 
1,8163 -0,3378 0,3829 -0,7135 -0,4797 -0,7221 0,0402 -0,6870 0,0706 
1,8234 -0,3398 0,3815 -0,7120 -0,4817 -0,7197 0,0398 -0,6896 0,0699 
1,8447 -0,3403 0,3811 -0,7117 -0,4821 -0,7191 0,0398 -0,6902 0,0697 
1,8519 -0,3408 0,3807 -0,7114 -0,4825 -0,7185 0,0397 -0,6909 0,0696 
1,8586 -0,3413 0,3803 -0,7111 -0,4830 -0,7180 0,0398 -0,6914 0,0695 
1,8870 -0,3423 0,3794 -0,7103 -0,4841 -0,7166 0,0396 -0,6929 0,0691 
1,8940 -0,3428 0,3789 -0,7099 -0,4847 -0,7159 0,0395 -0,6936 0,0688 
1,9008 -0,3433 0,3785 -0,7095 -0,4853 -0,7153 0,0395 -0,6943 0,0686 
1,9078 -0,3438 0,3781 -0,7090 -0,4859 -0,7146 0,0394 -0,6950 0,0683 
1,9151 -0,3444 0,3777 -0,7086 -0,4864 -0,7140 0,0394 -0,6958 0,0681 
1,9363 -0,3450 0,3773 -0,7082 -0,4869 -0,7133 0,0394 -0,6964 0,0678 
1,9435 -0,3455 0,3769 -0,7078 -0,4874 -0,7127 0,0394 -0,6971 0,0677 
1,9502 -0,3461 0,3765 -0,7074 -0,4879 -0,7120 0,0393 -0,6978 0,0675 
1,9573 -0,3468 0,3760 -0,7070 -0,4883 -0,7114 0,0394 -0,6985 0,0674 
1,9785 -0,3474 0,3756 -0,7067 -0,4887 -0,7106 0,0394 -0,6993 0,0672 
1,9857 -0,3509 0,3732 -0,7045 -0,4911 -0,7065 0,0390 -0,7035 0,0660 
1,9925 -0,3513 0,3730 -0,7043 -0,4913 -0,7061 0,0390 -0,7039 0,0659 
1,9996 -0,3516 0,3729 -0,7041 -0,4915 -0,7058 0,0390 -0,7042 0,0658 
2,0067 -0,3519 0,3728 -0,7039 -0,4917 -0,7055 0,0390 -0,7046 0,0657 
2,0278 -0,3530 0,3729 -0,7029 -0,4922 -0,7047 0,0389 -0,7054 0,0651 
2,0349 -0,3527 0,3735 -0,7028 -0,4921 -0,7052 0,0387 -0,7050 0,0648 
2,0421 -0,3522 0,3744 -0,7028 -0,4918 -0,7059 0,0384 -0,7043 0,0644 
2,0493 -0,3516 0,3753 -0,7027 -0,4916 -0,7065 0,0381 -0,7038 0,0641 
2,0711 -0,3464 0,3826 -0,7027 -0,4897 -0,7125 0,0358 -0,6981 0,0609 
2,0782 -0,3445 0,3852 -0,7028 -0,4890 -0,7147 0,0346 -0,6960 0,0598 
2,0845 -0,3337 0,3994 -0,7031 -0,4845 -0,7269 0,0299 -0,6839 0,0543 
2,0911 -0,3306 0,4033 -0,7037 -0,4825 -0,7306 0,0294 -0,6801 0,0532 
2,1122 -0,3274 0,4074 -0,7044 -0,4802 -0,7345 0,0285 -0,6759 0,0523 
2,1193 -0,3243 0,4113 -0,7051 -0,4781 -0,7382 0,0276 -0,6720 0,0514 
2,1617 -0,3069 0,4319 -0,7095 -0,4647 -0,7586 0,0239 -0,6494 0,0478 
2,1690 -0,3022 0,4370 -0,7109 -0,4607 -0,7639 0,0231 -0,6432 0,0472 
2,1761 -0,2976 0,4422 -0,7123 -0,4566 -0,7693 0,0224 -0,6368 0,0467 
2,1832 -0,2931 0,4471 -0,7137 -0,4527 -0,7743 0,0216 -0,6307 0,0463 
2,2045 -0,2722 0,4693 -0,7195 -0,4336 -0,7972 0,0182 -0,6019 0,0439 
2,2116 -0,2679 0,4739 -0,7206 -0,4294 -0,8018 0,0176 -0,5957 0,0434 
2,2185 -0,2637 0,4782 -0,7217 -0,4254 -0,8062 0,0168 -0,5899 0,0428 
2,2256 -0,2302 0,5115 -0,7285 -0,3934 -0,8391 0,0112 -0,5426 0,0373 
2,2471 -0,2264 0,5151 -0,7289 -0,3900 -0,8425 0,0106 -0,5374 0,0364 
2,2542 -0,2229 0,5185 -0,7293 -0,3867 -0,8456 0,0100 -0,5325 0,0356 
2,2610 -0,2027 0,5373 -0,7309 -0,3686 -0,8628 0,0068 -0,5045 0,0301 
2,2966 -0,1973 0,5425 -0,7310 -0,3640 -0,8672 0,0061 -0,4972 0,0280 
2,3391 -0,1919 0,5475 -0,7309 -0,3595 -0,8714 0,0051 -0,4898 0,0260 
2,3464 -0,1866 0,5524 -0,7308 -0,3550 -0,8755 0,0042 -0,4826 0,0239 
2,3533 -0,1815 0,5572 -0,7306 -0,3504 -0,8794 0,0033 -0,4755 0,0219 
2,3604 -0,1764 0,5619 -0,7304 -0,3459 -0,8833 0,0025 -0,4684 0,0199 
2,3676 -0,1715 0,5663 -0,7302 -0,3416 -0,8869 0,0018 -0,4617 0,0181 
2,3819 -0,1457 0,5889 -0,7282 -0,3190 -0,9046 -0,0023 -0,4261 0,0077 
2,3890 -0,1413 0,5925 -0,7277 -0,3153 -0,9074 -0,0029 -0,4202 0,0059 
2,3960 -0,1368 0,5961 -0,7272 -0,3117 -0,9101 -0,0034 -0,4143 0,0040 
2,4030 -0,1326 0,5994 -0,7267 -0,3082 -0,9127 -0,0040 -0,4086 0,0021 
2,4315 -0,1126 0,6153 -0,7238 -0,2913 -0,9242 -0,0060 -0,3819 -0,0070 
2,4387 -0,1083 0,6186 -0,7231 -0,2877 -0,9265 -0,0063 -0,3761 -0,0090 
2,4456 -0,1041 0,6218 -0,7223 -0,2841 -0,9288 -0,0067 -0,3704 -0,0110 
2,4528 -0,0996 0,6251 -0,7216 -0,2804 -0,9311 -0,0071 -0,3644 -0,0130 
2,4741 -0,0954 0,6282 -0,7208 -0,2769 -0,9333 -0,0074 -0,3587 -0,0149 
2,4812 -0,0735 0,6437 -0,7165 -0,2585 -0,9437 -0,0086 -0,3297 -0,0250 
2,4881 -0,0701 0,6460 -0,7158 -0,2557 -0,9452 -0,0087 -0,3252 -0,0265 
2,4952 -0,0667 0,6483 -0,7151 -0,2529 -0,9467 -0,0089 -0,3206 -0,0281 
2,5024 -0,0635 0,6504 -0,7144 -0,2502 -0,9481 -0,0089 -0,3164 -0,0295 
2,5167 -0,0463 0,6614 -0,7104 -0,2362 -0,9551 -0,0092 -0,2938 -0,0372 
2,5238 -0,0435 0,6631 -0,7097 -0,2339 -0,9562 -0,0092 -0,2900 -0,0384 
2,5307 -0,0406 0,6648 -0,7090 -0,2316 -0,9573 -0,0092 -0,2862 -0,0397 
2,5377 -0,0378 0,6665 -0,7084 -0,2294 -0,9583 -0,0092 -0,2825 -0,0409 
2,5448 -0,0351 0,6681 -0,7077 -0,2272 -0,9593 -0,0091 -0,2790 -0,0420 
2,5660 -0,0227 0,6750 -0,7047 -0,2175 -0,9636 -0,0089 -0,2629 -0,0473 
2,5732 -0,0202 0,6764 -0,7041 -0,2155 -0,9645 -0,0088 -0,2597 -0,0483 
2,5799 -0,0177 0,6777 -0,7034 -0,2135 -0,9653 -0,0087 -0,2564 -0,0493 
2,5870 -0,0150 0,6792 -0,7028 -0,2112 -0,9662 -0,0085 -0,2528 -0,0504 
2,6083 -0,0124 0,6806 -0,7021 -0,2090 -0,9670 -0,0084 -0,2493 -0,0516 
2,6154 0,0010 0,6878 -0,6984 -0,1977 -0,9711 -0,0077 -0,2315 -0,0573 
2,6223 0,0032 0,6890 -0,6978 -0,1958 -0,9718 -0,0076 -0,2285 -0,0582 
2,6293 0,0053 0,6902 -0,6972 -0,1939 -0,9724 -0,0074 -0,2255 -0,0591 
2,6364 0,0074 0,6913 -0,6966 -0,1921 -0,9730 -0,0072 -0,2227 -0,0599 
2,6577 0,0168 0,6963 -0,6936 -0,1836 -0,9757 -0,0065 -0,2096 -0,0638 
2,6648 0,0187 0,6973 -0,6930 -0,1819 -0,9762 -0,0064 -0,2069 -0,0646 
2,6718 0,0207 0,6983 -0,6924 -0,1802 -0,9767 -0,0063 -0,2042 -0,0654 
2,6790 0,0226 0,6993 -0,6918 -0,1785 -0,9772 -0,0060 -0,2016 -0,0659 
2,7002 0,0318 0,7037 -0,6889 -0,1709 -0,9795 -0,0054 -0,1891 -0,0691 
2,7074 0,0339 0,7047 -0,6882 -0,1692 -0,9800 -0,0052 -0,1863 -0,0700 
2,7142 0,0361 0,7057 -0,6875 -0,1675 -0,9805 -0,0050 -0,1835 -0,0708 
2,7213 0,0384 0,7067 -0,6868 -0,1656 -0,9810 -0,0049 -0,1805 -0,0716 
2,7426 0,0406 0,7076 -0,6861 -0,1639 -0,9814 -0,0046 -0,1777 -0,0725 
2,7497 0,0520 0,7124 -0,6825 -0,1549 -0,9837 -0,0033 -0,1628 -0,0765 
2,7565 0,0537 0,7131 -0,6820 -0,1535 -0,9840 -0,0031 -0,1605 -0,0771 
2,7635 0,0553 0,7138 -0,6814 -0,1521 -0,9843 -0,0029 -0,1583 -0,0776 
2,7707 0,0568 0,7144 -0,6809 -0,1508 -0,9846 -0,0027 -0,1562 -0,0781 
2,7920 0,0636 0,7170 -0,6788 -0,1451 -0,9859 -0,0019 -0,1471 -0,0802 
2,7992 0,0648 0,7174 -0,6785 -0,1441 -0,9861 -0,0018 -0,1455 -0,0805 
2,8062 0,0659 0,7178 -0,6782 -0,1431 -0,9863 -0,0016 -0,1440 -0,0807 
2,8132 0,0670 0,7181 -0,6780 -0,1422 -0,9865 -0,0015 -0,1425 -0,0809 
2,8345 0,0760 0,7206 -0,6758 -0,1349 -0,9880 -0,0003 -0,1307 -0,0827 
2,8417 0,0766 0,7208 -0,6757 -0,1344 -0,9881 -0,0003 -0,1299 -0,0827 
2,8486 0,0771 0,7209 -0,6756 -0,1339 -0,9882 -0,0002 -0,1291 -0,0827 
2,8558 0,0774 0,7208 -0,6757 -0,1336 -0,9882 -0,0001 -0,1287 -0,0826 
2,9263 0,0777 0,7208 -0,6757 -0,1333 -0,9883 -0,0001 -0,1284 -0,0825 
2,9335 0,0779 0,7208 -0,6758 -0,1331 -0,9883 -0,0001 -0,1281 -0,0824 
2,9405 0,0781 0,7207 -0,6759 -0,1329 -0,9884 -0,0001 -0,1279 -0,0822 
2,9476 0,0782 0,7205 -0,6761 -0,1328 -0,9884 -0,0001 -0,1278 -0,0820 
2,9691 0,0782 0,7204 -0,6763 -0,1328 -0,9884 -0,0001 -0,1278 -0,0819 
2,9763 0,0783 0,7195 -0,6772 -0,1326 -0,9884 0,0000 -0,1281 -0,0811 
2,9831 0,0782 0,7193 -0,6774 -0,1327 -0,9884 -0,0001 -0,1283 -0,0809 
2,9902 0,0780 0,7192 -0,6776 -0,1328 -0,9884 -0,0001 -0,1285 -0,0807 
2,9974 0,0778 0,7190 -0,6777 -0,1329 -0,9884 -0,0001 -0,1288 -0,0806 
3,0117 0,0765 0,7180 -0,6787 -0,1341 -0,9882 -0,0004 -0,1308 -0,0794 
3,0187 0,0760 0,7177 -0,6789 -0,1347 -0,9881 -0,0005 -0,1315 -0,0792 
3,0256 0,0755 0,7174 -0,6792 -0,1354 -0,9880 -0,0006 -0,1324 -0,0790 
3,0327 0,0750 0,7172 -0,6794 -0,1360 -0,9880 -0,0007 -0,1331 -0,0787 
3,0398 0,0722 0,7158 -0,6804 -0,1395 -0,9875 -0,0012 -0,1375 -0,0776 
3,0611 0,0712 0,7154 -0,6807 -0,1406 -0,9873 -0,0013 -0,1391 -0,0773 
3,0683 0,0700 0,7149 -0,6811 -0,1419 -0,9870 -0,0013 -0,1409 -0,0770 
3,0753 0,0688 0,7145 -0,6814 -0,1430 -0,9868 -0,0015 -0,1426 -0,0767 
3,1041 0,0599 0,7111 -0,6841 -0,1509 -0,9851 -0,0021 -0,1549 -0,0743 
3,1113 0,0571 0,7100 -0,6849 -0,1531 -0,9846 -0,0024 -0,1585 -0,0734 
3,1182 0,0541 0,7089 -0,6859 -0,1554 -0,9841 -0,0027 -0,1624 -0,0725 
3,1254 0,0513 0,7078 -0,6867 -0,1576 -0,9835 -0,0030 -0,1661 -0,0717 
3,1470 0,0367 0,7016 -0,6913 -0,1691 -0,9804 -0,0044 -0,1853 -0,0666 
3,1541 0,0329 0,6998 -0,6926 -0,1720 -0,9796 -0,0047 -0,1903 -0,0651 
3,1611 0,0289 0,6979 -0,6939 -0,1751 -0,9786 -0,0050 -0,1954 -0,0635 
3,1682 0,0252 0,6960 -0,6952 -0,1780 -0,9778 -0,0052 -0,2002 -0,0619 
3,1967 0,0064 0,6866 -0,7011 -0,1924 -0,9729 -0,0067 -0,2246 -0,0541 
3,2040 0,0019 0,6843 -0,7024 -0,1959 -0,9717 -0,0069 -0,2303 -0,0523 
3,2110 -0,0023 0,6821 -0,7036 -0,1991 -0,9704 -0,0070 -0,2359 -0,0506 
3,2182 -0,0108 0,6777 -0,7059 -0,2056 -0,9679 -0,0076 -0,2468 -0,0472 
3,2396 -0,0305 0,6670 -0,7110 -0,2206 -0,9614 -0,0082 -0,2721 -0,0391 
3,2467 -0,0348 0,6645 -0,7121 -0,2239 -0,9599 -0,0083 -0,2776 -0,0372 
3,2535 -0,0391 0,6620 -0,7132 -0,2272 -0,9584 -0,0084 -0,2832 -0,0353 
3,2607 -0,0439 0,6590 -0,7144 -0,2309 -0,9566 -0,0085 -0,2895 -0,0330 
3,2820 -0,0485 0,6562 -0,7156 -0,2345 -0,9548 -0,0085 -0,2954 -0,0309 
3,2891 -0,0689 0,6431 -0,7204 -0,2503 -0,9465 -0,0082 -0,3220 -0,0217 
3,2960 -0,0730 0,6403 -0,7214 -0,2535 -0,9447 -0,0081 -0,3273 -0,0197 
3,3030 -0,0772 0,6375 -0,7223 -0,2567 -0,9428 -0,0079 -0,3328 -0,0176 
3,3102 -0,0812 0,6347 -0,7232 -0,2598 -0,9410 -0,0077 -0,3381 -0,0159 
3,3315 -0,1030 0,6192 -0,7277 -0,2766 -0,9304 -0,0065 -0,3663 -0,0054 
3,3386 -0,1069 0,6164 -0,7283 -0,2796 -0,9284 -0,0062 -0,3714 -0,0036 
3,3457 -0,1109 0,6135 -0,7290 -0,2827 -0,9264 -0,0059 -0,3765 -0,0018 
3,3528 -0,1153 0,6102 -0,7297 -0,2861 -0,9240 -0,0055 -0,3822 0,0003 
3,3740 -0,1195 0,6071 -0,7304 -0,2893 -0,9218 -0,0051 -0,3877 0,0023 
3,3813 -0,1413 0,5904 -0,7334 -0,3058 -0,9094 -0,0026 -0,4157 0,0125 
3,3882 -0,1448 0,5876 -0,7339 -0,3085 -0,9073 -0,0022 -0,4202 0,0141 
3,3954 -0,1482 0,5849 -0,7343 -0,3111 -0,9052 -0,0018 -0,4246 0,0157 
3,4026 -0,1515 0,5822 -0,7347 -0,3136 -0,9032 -0,0013 -0,4289 0,0173 
3,4169 -0,1660 0,5701 -0,7363 -0,3246 -0,8939 0,0010 -0,4476 0,0240 
3,4240 -0,1688 0,5676 -0,7366 -0,3266 -0,8921 0,0015 -0,4512 0,0254 
3,4310 -0,1715 0,5652 -0,7370 -0,3287 -0,8902 0,0020 -0,4548 0,0268 
3,4381 -0,1742 0,5628 -0,7373 -0,3306 -0,8884 0,0025 -0,4581 0,0282 
3,4667 -0,1887 0,5493 -0,7390 -0,3413 -0,8783 0,0053 -0,4768 0,0357 
3,4739 -0,1912 0,5467 -0,7394 -0,3434 -0,8763 0,0058 -0,4803 0,0371 
3,4810 -0,1938 0,5441 -0,7396 -0,3455 -0,8743 0,0063 -0,4838 0,0384 
3,4882 -0,1966 0,5413 -0,7398 -0,3478 -0,8721 0,0069 -0,4876 0,0398 
3,5096 -0,1993 0,5386 -0,7400 -0,3501 -0,8700 0,0075 -0,4913 0,0410 
3,5167 -0,2021 0,5359 -0,7402 -0,3523 -0,8678 0,0082 -0,4950 0,0423 
3,5236 -0,2048 0,5332 -0,7403 -0,3544 -0,8656 0,0088 -0,4987 0,0435 
3,5308 -0,2078 0,5304 -0,7405 -0,3566 -0,8634 0,0096 -0,5025 0,0448 
3,5522 -0,2106 0,5278 -0,7406 -0,3587 -0,8612 0,0102 -0,5061 0,0461 
3,5594 -0,2208 0,5180 -0,7409 -0,3661 -0,8531 0,0128 -0,5192 0,0506 
3,5662 -0,2233 0,5156 -0,7409 -0,3678 -0,8511 0,0135 -0,5223 0,0517 
3,5734 -0,2258 0,5133 -0,7410 -0,3694 -0,8491 0,0141 -0,5254 0,0528 
3,5806 -0,2282 0,5110 -0,7410 -0,3710 -0,8472 0,0148 -0,5283 0,0538 
3,6019 -0,2354 0,5043 -0,7411 -0,3757 -0,8414 0,0166 -0,5371 0,0569 
3,6091 -0,2377 0,5020 -0,7410 -0,3772 -0,8395 0,0172 -0,5400 0,0578 
3,6161 -0,2400 0,4999 -0,7410 -0,3787 -0,8376 0,0178 -0,5428 0,0588 
3,6234 -0,2499 0,4902 -0,7408 -0,3853 -0,8292 0,0206 -0,5550 0,0629 
3,6446 -0,2519 0,4884 -0,7407 -0,3866 -0,8276 0,0211 -0,5573 0,0636 
3,6517 -0,2538 0,4865 -0,7406 -0,3878 -0,8259 0,0217 -0,5597 0,0643 
3,6586 -0,2557 0,4847 -0,7405 -0,3891 -0,8243 0,0222 -0,5620 0,0650 
3,6656 -0,2574 0,4830 -0,7404 -0,3902 -0,8228 0,0226 -0,5641 0,0657 
3,6870 -0,2656 0,4749 -0,7399 -0,3955 -0,8154 0,0249 -0,5742 0,0685 
3,6942 -0,2673 0,4732 -0,7398 -0,3966 -0,8139 0,0254 -0,5763 0,0691 
3,7012 -0,2690 0,4715 -0,7397 -0,3977 -0,8124 0,0258 -0,5784 0,0698 
3,7083 -0,2705 0,4699 -0,7396 -0,3988 -0,8109 0,0263 -0,5803 0,0702 
3,7366 -0,2788 0,4610 -0,7390 -0,4045 -0,8029 0,0288 -0,5908 0,0735 
3,7438 -0,2801 0,4594 -0,7389 -0,4055 -0,8016 0,0293 -0,5926 0,0740 
3,7507 -0,2814 0,4578 -0,7389 -0,4065 -0,8002 0,0297 -0,5944 0,0745 
3,7579 -0,2829 0,4560 -0,7388 -0,4076 -0,7987 0,0302 -0,5963 0,0752 
3,8215 -0,2843 0,4543 -0,7388 -0,4086 -0,7972 0,0307 -0,5982 0,0758 
3,8286 -0,2956 0,4401 -0,7384 -0,4168 -0,7849 0,0351 -0,6134 0,0803 
3,8356 -0,2964 0,4390 -0,7384 -0,4173 -0,7840 0,0355 -0,6145 0,0807 
3,8427 -0,2972 0,4380 -0,7384 -0,4178 -0,7832 0,0358 -0,6155 0,0811 
3,8498 -0,2980 0,4370 -0,7384 -0,4183 -0,7823 0,0363 -0,6165 0,0816 
3,9626 -0,3014 0,4324 -0,7388 -0,4199 -0,7788 0,0385 -0,6205 0,0839 
3,9697 -0,3018 0,4320 -0,7390 -0,4198 -0,7785 0,0387 -0,6208 0,0844 
3,9767 -0,3031 0,4301 -0,7397 -0,4194 -0,7774 0,0398 -0,6218 0,0859 
3,9838 -0,3031 0,4300 -0,7399 -0,4191 -0,7775 0,0400 -0,6217 0,0861 
4,0052 -0,3031 0,4301 -0,7401 -0,4188 -0,7776 0,0401 -0,6215 0,0864 
4,0123 -0,3030 0,4301 -0,7403 -0,4185 -0,7778 0,0402 -0,6212 0,0866 
4,0190 -0,3029 0,4303 -0,7405 -0,4181 -0,7781 0,0403 -0,6208 0,0868 
4,0261 -0,3024 0,4308 -0,7407 -0,4175 -0,7787 0,0403 -0,6201 0,0868 
4,0475 -0,3020 0,4312 -0,7410 -0,4169 -0,7792 0,0403 -0,6194 0,0870 
4,0547 -0,2998 0,4336 -0,7420 -0,4143 -0,7819 0,0400 -0,6159 0,0872 
4,0617 -0,2990 0,4344 -0,7422 -0,4136 -0,7828 0,0398 -0,6149 0,0871 
4,0689 -0,2981 0,4353 -0,7424 -0,4128 -0,7838 0,0397 -0,6136 0,0870 
4,0762 -0,2967 0,4369 -0,7428 -0,4115 -0,7854 0,0396 -0,6117 0,0866 
4,0974 -0,2951 0,4386 -0,7432 -0,4101 -0,7871 0,0392 -0,6095 0,0864 
4,1042 -0,2934 0,4404 -0,7436 -0,4086 -0,7890 0,0388 -0,6071 0,0862 
4,1113 -0,2916 0,4424 -0,7441 -0,4070 -0,7910 0,0384 -0,6046 0,0859 
4,1184 -0,2899 0,4442 -0,7445 -0,4054 -0,7929 0,0378 -0,6022 0,0857 
4,1398 -0,2791 0,4555 -0,7467 -0,3963 -0,8041 0,0351 -0,5875 0,0835 
4,1470 -0,2765 0,4581 -0,7471 -0,3943 -0,8067 0,0344 -0,5841 0,0828 
4,1537 -0,2737 0,4610 -0,7475 -0,3923 -0,8094 0,0336 -0,5805 0,0821 
4,1609 -0,2700 0,4647 -0,7479 -0,3895 -0,8129 0,0328 -0,5758 0,0809 
4,1821 -0,2665 0,4682 -0,7483 -0,3870 -0,8162 0,0318 -0,5714 0,0797 
4,1893 -0,2409 0,4932 -0,7506 -0,3678 -0,8395 0,0244 -0,5381 0,0719 
4,1960 -0,2381 0,4959 -0,7508 -0,3655 -0,8419 0,0237 -0,5344 0,0710 
4,2031 -0,2353 0,4986 -0,7511 -0,3632 -0,8444 0,0231 -0,5306 0,0701 
4,2102 -0,2326 0,5012 -0,7513 -0,3610 -0,8467 0,0223 -0,5270 0,0693 
4,2739 -0,2177 0,5155 -0,7519 -0,3484 -0,8595 0,0193 -0,5067 0,0643 
4,2811 -0,2138 0,5193 -0,7520 -0,3451 -0,8628 0,0183 -0,5013 0,0629 
4,2880 -0,2099 0,5231 -0,7520 -0,3417 -0,8660 0,0173 -0,4959 0,0614 
4,2951 -0,2062 0,5267 -0,7520 -0,3385 -0,8691 0,0164 -0,4908 0,0600 
4,3165 -0,1859 0,5457 -0,7514 -0,3210 -0,8849 0,0115 -0,4628 0,0517 
4,3235 -0,1823 0,5490 -0,7511 -0,3180 -0,8875 0,0107 -0,4579 0,0501 
4,3304 -0,1787 0,5523 -0,7509 -0,3151 -0,8901 0,0099 -0,4530 0,0485 
4,3374 -0,1751 0,5555 -0,7506 -0,3121 -0,8927 0,0091 -0,4482 0,0469 
4,3445 -0,1717 0,5585 -0,7503 -0,3093 -0,8950 0,0084 -0,4436 0,0453 
4,3657 -0,1563 0,5721 -0,7486 -0,2965 -0,9054 0,0052 -0,4228 0,0381 
4,3729 -0,1453 0,5817 -0,7470 -0,2874 -0,9125 0,0031 -0,4078 0,0326 
4,3797 -0,1425 0,5841 -0,7465 -0,2850 -0,9142 0,0027 -0,4041 0,0311 
4,3868 -0,1393 0,5868 -0,7460 -0,2824 -0,9161 0,0022 -0,3998 0,0295 
4,4081 -0,1363 0,5893 -0,7455 -0,2799 -0,9180 0,0017 -0,3957 0,0280 
4,4576 -0,1188 0,6034 -0,7423 -0,2659 -0,9278 -0,0011 -0,3725 0,0186 
4,4646 -0,1154 0,6060 -0,7417 -0,2633 -0,9296 -0,0016 -0,3681 0,0168 
4,4717 -0,1119 0,6086 -0,7410 -0,2608 -0,9314 -0,0020 -0,3637 0,0151 
4,4788 -0,1087 0,6110 -0,7404 -0,2583 -0,9330 -0,0024 -0,3596 0,0134 
4,5001 -0,0744 0,6353 -0,7326 -0,2328 -0,9487 -0,0057 -0,3160 -0,0046 
4,5073 -0,0723 0,6367 -0,7321 -0,2314 -0,9496 -0,0059 -0,3134 -0,0056 
4,5140 -0,0702 0,6380 -0,7316 -0,2299 -0,9504 -0,0060 -0,3109 -0,0066 
4,5211 -0,0682 0,6392 -0,7311 -0,2286 -0,9512 -0,0061 -0,3084 -0,0076 
4,6343 -0,0566 0,6468 -0,7281 -0,2199 -0,9558 -0,0064 -0,2937 -0,0135 
4,6414 -0,0537 0,6488 -0,7272 -0,2175 -0,9570 -0,0065 -0,2898 -0,0151 
4,6483 -0,0508 0,6507 -0,7264 -0,2152 -0,9581 -0,0066 -0,2859 -0,0167 
4,6554 -0,0478 0,6527 -0,7255 -0,2127 -0,9592 -0,0067 -0,2819 -0,0182 
4,6766 -0,0449 0,6546 -0,7247 -0,2104 -0,9603 -0,0067 -0,2780 -0,0198 
4,6837 -0,0302 0,6641 -0,7202 -0,1984 -0,9657 -0,0070 -0,2583 -0,0273 
4,6906 -0,0279 0,6656 -0,7195 -0,1965 -0,9664 -0,0070 -0,2552 -0,0285 
4,6976 -0,0254 0,6671 -0,7187 -0,1944 -0,9673 -0,0070 -0,2518 -0,0298 
4,7261 -0,0230 0,6687 -0,7179 -0,1924 -0,9681 -0,0070 -0,2486 -0,0311 
4,7332 -0,0206 0,6701 -0,7171 -0,1904 -0,9689 -0,0070 -0,2454 -0,0323 
4,7402 -0,0182 0,6715 -0,7164 -0,1886 -0,9696 -0,0069 -0,2423 -0,0334 
4,7473 -0,0159 0,6728 -0,7157 -0,1868 -0,9703 -0,0070 -0,2393 -0,0346 
4,7687 -0,0137 0,6741 -0,7150 -0,1850 -0,9710 -0,0069 -0,2364 -0,0356 
4,7758 -0,0024 0,6803 -0,7114 -0,1762 -0,9742 -0,0065 -0,2217 -0,0411 
4,7826 -0,0008 0,6812 -0,7109 -0,1750 -0,9747 -0,0065 -0,2196 -0,0418 
4,7897 0,0008 0,6820 -0,7104 -0,1737 -0,9751 -0,0064 -0,2175 -0,0425 
4,7969 0,0022 0,6828 -0,7099 -0,1725 -0,9755 -0,0062 -0,2156 -0,0432 
4,8182 0,0097 0,6867 -0,7076 -0,1666 -0,9775 -0,0060 -0,2056 -0,0467 
4,8250 0,0108 0,6872 -0,7072 -0,1657 -0,9778 -0,0059 -0,2041 -0,0472 
4,8320 0,0119 0,6877 -0,7069 -0,1649 -0,9781 -0,0058 -0,2027 -0,0476 
4,8391 0,0129 0,6882 -0,7066 -0,1640 -0,9783 -0,0057 -0,2013 -0,0481 
4,8602 0,0149 0,6892 -0,7059 -0,1624 -0,9788 -0,0056 -0,1986 -0,0490 
4,8674 0,0218 0,6928 -0,7036 -0,1567 -0,9805 -0,0051 -0,1894 -0,0522 
4,8742 0,0224 0,6931 -0,7034 -0,1561 -0,9806 -0,0051 -0,1886 -0,0524 
4,8813 0,0231 0,6934 -0,7031 -0,1556 -0,9808 -0,0051 -0,1877 -0,0527 
4,9025 0,0237 0,6938 -0,7029 -0,1551 -0,9809 -0,0050 -0,1869 -0,0530 
4,9943 0,0265 0,6954 -0,7017 -0,1526 -0,9816 -0,0047 -0,1829 -0,0545 
5,0014 0,0277 0,6961 -0,7012 -0,1515 -0,9819 -0,0046 -0,1812 -0,0552 
5,0083 0,0283 0,6964 -0,7010 -0,1510 -0,9820 -0,0046 -0,1804 -0,0555 
5,0154 0,0289 0,6968 -0,7008 -0,1504 -0,9821 -0,0045 -0,1796 -0,0558 
5,0367 0,0294 0,6971 -0,7005 -0,1499 -0,9823 -0,0044 -0,1788 -0,0561 
5,0858 0,0320 0,6987 -0,6993 -0,1474 -0,9828 -0,0041 -0,1751 -0,0580 
5,0929 0,0345 0,7002 -0,6982 -0,1451 -0,9834 -0,0040 -0,1715 -0,0595 
5,0996 0,0349 0,7005 -0,6980 -0,1447 -0,9835 -0,0040 -0,1709 -0,0598 
5,1068 0,0353 0,7007 -0,6978 -0,1443 -0,9835 -0,0039 -0,1703 -0,0600 
5,1279 0,0357 0,7010 -0,6976 -0,1439 -0,9836 -0,0039 -0,1698 -0,0602 
5,1774 0,0361 0,7012 -0,6974 -0,1436 -0,9837 -0,0037 -0,1692 -0,0604 
5,1846 0,0368 0,7016 -0,6971 -0,1429 -0,9839 -0,0038 -0,1682 -0,0608 
5,1916 0,0371 0,7018 -0,6969 -0,1426 -0,9839 -0,0037 -0,1677 -0,0610 
5,1987 0,0374 0,7020 -0,6968 -0,1423 -0,9840 -0,0037 -0,1672 -0,0612 
5,2198 0,0377 0,7022 -0,6967 -0,1421 -0,9841 -0,0037 -0,1668 -0,0613 
5,2620 0,0380 0,7023 -0,6966 -0,1418 -0,9841 -0,0037 -0,1665 -0,0614 
5,2692 0,0401 0,7033 -0,6958 -0,1399 -0,9846 -0,0035 -0,1633 -0,0627 
5,2759 0,0402 0,7033 -0,6958 -0,1398 -0,9846 -0,0035 -0,1632 -0,0628 
5,2830 0,0403 0,7034 -0,6958 -0,1397 -0,9846 -0,0034 -0,1630 -0,0628 
5,2902 0,0404 0,7034 -0,6958 -0,1396 -0,9846 -0,0034 -0,1628 -0,0628 
5,3538 0,0410 0,7035 -0,6957 -0,1392 -0,9847 -0,0034 -0,1623 -0,0630 
5,3609 0,0411 0,7036 -0,6957 -0,1391 -0,9847 -0,0034 -0,1622 -0,0630 
5,3677 0,0413 0,7036 -0,6957 -0,1391 -0,9848 -0,0034 -0,1620 -0,0630 
5,3748 0,0414 0,7036 -0,6956 -0,1390 -0,9848 -0,0034 -0,1620 -0,0632 
5,4031 0,0420 0,7037 -0,6956 -0,1386 -0,9848 -0,0033 -0,1614 -0,0635 
5,4099 0,0421 0,7037 -0,6956 -0,1386 -0,9848 -0,0033 -0,1614 -0,0635 
5,4170 0,0421 0,7037 -0,6955 -0,1386 -0,9849 -0,0033 -0,1613 -0,0635 
5,4454 0,0428 0,7038 -0,6955 -0,1383 -0,9850 -0,0033 -0,1606 -0,0633 
5,4526 0,0429 0,7038 -0,6955 -0,1383 -0,9850 -0,0033 -0,1606 -0,0633 
5,4596 0,0430 0,7038 -0,6955 -0,1383 -0,9850 -0,0033 -0,1606 -0,0633 
5,4667 0,0430 0,7038 -0,6955 -0,1383 -0,9850 -0,0033 -0,1605 -0,0633 
5,4879 0,0435 0,7038 -0,6955 -0,1384 -0,9850 -0,0036 -0,1602 -0,0633 
5,4950 0,0438 0,7037 -0,6955 -0,1385 -0,9851 -0,0032 -0,1600 -0,0631 
5,5018 0,0437 0,7036 -0,6956 -0,1384 -0,9851 -0,0031 -0,1601 -0,0631 
5,5090 0,0436 0,7036 -0,6956 -0,1385 -0,9851 -0,0032 -0,1602 -0,0630 
5,5161 0,0432 0,7035 -0,6957 -0,1388 -0,9850 -0,0032 -0,1607 -0,0630 
5,5795 0,0431 0,7034 -0,6958 -0,1388 -0,9850 -0,0032 -0,1608 -0,0628 
5,6218 0,0430 0,7033 -0,6959 -0,1388 -0,9850 -0,0032 -0,1609 -0,0627 
5,6288 0,0426 0,7031 -0,6961 -0,1389 -0,9849 -0,0032 -0,1612 -0,0625 
5,6357 0,0425 0,7030 -0,6962 -0,1390 -0,9849 -0,0034 -0,1614 -0,0624 
5,6427 0,0424 0,7029 -0,6963 -0,1392 -0,9849 -0,0034 -0,1616 -0,0623 
5,6498 0,0423 0,7028 -0,6963 -0,1393 -0,9849 -0,0033 -0,1617 -0,0625 
5,6710 0,0424 0,7027 -0,6964 -0,1396 -0,9848 -0,0033 -0,1619 -0,0622 
5,6782 0,0425 0,7027 -0,6963 -0,1397 -0,9848 -0,0035 -0,1619 -0,0623 
5,6851 0,0425 0,7027 -0,6963 -0,1397 -0,9848 -0,0033 -0,1619 -0,0622 
5,6922 0,0427 0,7026 -0,6964 -0,1397 -0,9849 -0,0035 -0,1618 -0,0621 
5,7134 0,0427 0,7025 -0,6965 -0,1397 -0,9849 -0,0034 -0,1618 -0,0620 
5,7206 0,0425 0,7024 -0,6967 -0,1398 -0,9848 -0,0033 -0,1621 -0,0618 
5,7274 0,0423 0,7023 -0,6967 -0,1399 -0,9848 -0,0033 -0,1623 -0,0617 
5,7345 0,0422 0,7023 -0,6967 -0,1400 -0,9848 -0,0034 -0,1625 -0,0617 
5,7416 0,0422 0,7023 -0,6967 -0,1400 -0,9847 -0,0033 -0,1626 -0,0619 
5,7629 0,0421 0,7022 -0,6967 -0,1408 -0,9846 -0,0037 -0,1632 -0,0621 
5,7698 0,0422 0,7021 -0,6967 -0,1410 -0,9846 -0,0037 -0,1634 -0,0621 
5,7768 0,0424 0,7020 -0,6968 -0,1413 -0,9846 -0,0037 -0,1634 -0,0620 
5,7839 0,0425 0,7019 -0,6968 -0,1414 -0,9846 -0,0036 -0,1635 -0,0620 
5,8052 0,0425 0,7019 -0,6968 -0,1415 -0,9846 -0,0034 -0,1634 -0,0621 
5,8124 0,0425 0,7018 -0,6969 -0,1415 -0,9846 -0,0034 -0,1635 -0,0621 
5,8193 0,0425 0,7018 -0,6969 -0,1415 -0,9846 -0,0034 -0,1635 -0,0620 
5,8264 0,0424 0,7017 -0,6970 -0,1415 -0,9846 -0,0034 -0,1636 -0,0620 
5,8476 0,0424 0,7017 -0,6970 -0,1416 -0,9846 -0,0034 -0,1636 -0,0619 
5,8548 0,0422 0,7014 -0,6973 -0,1418 -0,9846 -0,0035 -0,1638 -0,0614 
5,8616 0,0420 0,7011 -0,6976 -0,1419 -0,9845 -0,0035 -0,1641 -0,0610 
5,8687 0,0420 0,7010 -0,6977 -0,1419 -0,9846 -0,0035 -0,1641 -0,0609 
5,8757 0,0420 0,7010 -0,6977 -0,1419 -0,9845 -0,0034 -0,1641 -0,0609 
5,9390 0,0419 0,7009 -0,6977 -0,1418 -0,9845 -0,0035 -0,1642 -0,0609 
5,9461 0,0418 0,7009 -0,6978 -0,1418 -0,9845 -0,0035 -0,1642 -0,0609 
5,9528 0,0418 0,7009 -0,6978 -0,1418 -0,9845 -0,0035 -0,1643 -0,0609 
5,9599 0,0417 0,7009 -0,6978 -0,1418 -0,9845 -0,0033 -0,1643 -0,0608 
5,9812 0,0410 0,7009 -0,6979 -0,1415 -0,9845 -0,0031 -0,1646 -0,0608 
5,9883 0,0408 0,7009 -0,6979 -0,1414 -0,9845 -0,0034 -0,1646 -0,0608 
5,9951 0,0409 0,7009 -0,6979 -0,1412 -0,9845 -0,0035 -0,1645 -0,0609 
6,0021 0,0410 0,7010 -0,6979 -0,1411 -0,9845 -0,0035 -0,1643 -0,0608 
6,0093 0,0409 0,7009 -0,6980 -0,1411 -0,9845 -0,0035 -0,1644 -0,0608 
6,0731 0,0408 0,7009 -0,6980 -0,1411 -0,9845 -0,0035 -0,1645 -0,0607 
6,0803 0,0408 0,7008 -0,6980 -0,1412 -0,9845 -0,0035 -0,1645 -0,0607 
6,0870 0,0407 0,7008 -0,6981 -0,1412 -0,9845 -0,0035 -0,1646 -0,0606 
6,0941 0,0407 0,7008 -0,6981 -0,1412 -0,9845 -0,0035 -0,1646 -0,0606 
6,1224 0,0402 0,7002 -0,6986 -0,1414 -0,9844 -0,0036 -0,1654 -0,0605 
6,1295 0,0400 0,7001 -0,6987 -0,1416 -0,9843 -0,0036 -0,1657 -0,0604 
6,1365 0,0399 0,7000 -0,6988 -0,1417 -0,9843 -0,0036 -0,1659 -0,0602 
6,1436 0,0398 0,6999 -0,6989 -0,1418 -0,9843 -0,0036 -0,1661 -0,0603 
6,1649 0,0396 0,6997 -0,6990 -0,1419 -0,9841 -0,0035 -0,1666 -0,0608 
6,1719 0,0394 0,6996 -0,6992 -0,1419 -0,9841 -0,0036 -0,1667 -0,0607 
6,1786 0,0394 0,6996 -0,6992 -0,1419 -0,9841 -0,0036 -0,1667 -0,0607 
6,1857 0,0390 0,6996 -0,6992 -0,1417 -0,9841 -0,0032 -0,1669 -0,0606 
6,2069 0,0387 0,6996 -0,6993 -0,1415 -0,9841 -0,0034 -0,1670 -0,0606 
6,2140 0,0386 0,6996 -0,6993 -0,1415 -0,9841 -0,0035 -0,1670 -0,0606 
6,2560 0,0379 0,6997 -0,6993 -0,1411 -0,9840 -0,0034 -0,1673 -0,0605 
6,2631 0,0376 0,6997 -0,6993 -0,1411 -0,9840 -0,0035 -0,1674 -0,0605 
6,2697 0,0374 0,6998 -0,6993 -0,1412 -0,9840 -0,0035 -0,1676 -0,0606 
6,2768 0,0371 0,6997 -0,6993 -0,1415 -0,9839 -0,0037 -0,1680 -0,0606 
6,2980 0,0370 0,6997 -0,6993 -0,1416 -0,9839 -0,0037 -0,1682 -0,0606 
6,3051 0,0367 0,6996 -0,6994 -0,1420 -0,9838 -0,0037 -0,1688 -0,0606 
6,3120 0,0367 0,6996 -0,6994 -0,1420 -0,9838 -0,0037 -0,1688 -0,0606 
6,3190 0,0363 0,6994 -0,6995 -0,1421 -0,9837 -0,0036 -0,1692 -0,0604 
6,3261 0,0360 0,6994 -0,6995 -0,1421 -0,9837 -0,0035 -0,1695 -0,0604 
6,3473 0,0357 0,6995 -0,6995 -0,1421 -0,9836 -0,0036 -0,1697 -0,0605 
